73230
32489
32074c01
3737
32062
4519
3705
32073
3706
32034
32192
32015
32014
6536
32184
32174
6538b
32039
32474
2825
32165
32000
6575
6644
6558
2780
6587
32002
4590
3749
2736
3713
32123a
32270
32269
4274
3673
2412b
32249
3023
32013
32016
32291
6632
32449
32017
32177
32056
32250
32310
6541
3938
6255
3004
30126
3795
3040b
2423
2417
3030
3005
30136
3937
6231
43337
3626b
2339
4286
40232
59230
30377
48729a
6141
3660
3707
3700
32064a
2432
57899
58247
2540
3298
44675
50950
3794a
42003
50955
50956
30359b
3941
42446
2445
61184
4589
